0
850
804
17
981
137
734
403
712
345
48
52
815
235
920
808
575
27
750
338
654
550
127
683
362
743
864
635
248
590
980
220
333
311
391
995
872
647
983
826
716
780
151
547
437
250
892
239
327
684
767
168
803
86
276
347
295
62
554
364
681
546
23
923
244
631
990
162
756
201
745
962
901
378
869
107
883
558
445
710
737
760
303
306
662
475
74
705
175
882
608
795
859
24
689
788
977
709
818
335
169
262
507
887
771
814
14
897
398
35
653
373
876
527
493
770
529
3
644
758
629
674
739
394
960
18
509
277
914
842
669
214
800
523
724
421
143
216
728
315
228
541
727
16
697
271
152
301
518
263
580
837
231
2
158
952
555
704
341
410
124
5
165
93
946
786
691
948
256
785
616
309
117
132
911
688
489
304
20
488
294
149
25
218
243
53
356
359
79
503
665
104
763
89
853
170
226
965
594
81
19
139
69
625
434
448
357
589
551
433
379
675
772
722
435
762
497
261
907
64
909
856
353
753
203
153
195
535
658
862
791
441
136
234
860
270
726
515
536
334
96
729
655
412
988
415
921
987
768
610
8
764
119
314
821
308
44
538
396
418
787
935
777
154
289
963
833
264
752
206
682
526
832
255
970
696
641
552
602
470
747
623
875
563
593
280
640
894
12
395
868
774
319
885
522
343
829
422
984
346
830
323
215
65
924
407
247
670
949
925
733
409
337
910
166
387
528
267
678
708
668
806
217
233
419
88
841
354
521
617
265
116
979
29
807
719
211
941
266
908
268
126
969
187
462
666
994
147
895
34
98
194
351
630
171
650
519
438
38
173
824
164
500
929
405
427
636
101
878
140
457
566
792
414
145
272
776
978
569
92
474
487
423
744
297
342
578
59
992
520
103
483
642
873
229
687
548
57
125
595
713
283
374
811
851
939
607
377
843
996
368
823
881
539
447
238
10
761
928
866
915
466
838
494
60
567
601
956
400
325
582
971
87
110
312
416
307
972
51
512
161
932
953
857
469
288
545
698
376
766
525
874
835
393
701
560
667
156
142
634
102
553
227
581
532
938
224
893
502
673
514
891
299
160
259
84
613
70
957
947
481
321
622
773
260
388
257
281
135
968
999
699
854
61
621
313
827
809
222
810
278
128
440
559
330
11
150
480
223
329
557
286
397
945
657
72
543
212
627
4
425
322
252
77
735
991
55
919
834
598
375
496
813
562
28
940
121
863
975
584
732
426
783
880
40
944
67
637
461
45
472
123
530
47
450
961
693
606
339
959
757
113
209
80
105
643
694
579
458
199
464
197
446
888
533
54
420
933
782
408
355
449
517
718
904
816
109
703
648
725
618
993
572
664
847
485
597
690
765
328
755
615
50
544
455
620
749
331
112
723
796
344
251
817
950
492
290
495
177
85
473
236
207
13
258
516
656
917
316
898
730
99
317
336
287
383
94
746
976
210
611
751
254
831
21
6
129
672
706
146
702
200
326
274
491
524
275
651
371
576
463
836
985
890
942
799
736
605
386
958
801
633
9
71
452
90
982
484
802
358
871
649
822
501
122
97
279
241
916
714
465
253
432
592
740
781
172
348
56
934
78
865
190
879
300
406
459
198
82
399
66
352
471
989
401
83
537
58
570
588
189
451
115
439
95
926
571
742
46
955
812
534
731
741
573
997
193
36
565
184
700
886
402
954
436
360
372
467
966
505
100
208
454
237
858
460
513
296
998
370
624
269
75
798
561
591
456
22
428
204
695
26
413
31
242
794
32
692
350
660
614
754
717
443
340
711
778
659
15
380
144
577
943
185
626
884
365
63
68
349
196
896
178
392
609
685
131
632
845
612
183
39
619
645
476
790
192
596
453
468
363
390
230
600
182
927
246
179
839
120
840
564
249
848
899
973
292
499
273
828
176
205
759
936
738
877
825
542
820
906
861
586
404
285
508
442
389
720
188
652
30
540
679
912
141
367
974
37
49
931
604
918
797
686
159
157
91
585
384
661
332
298
775
42
903
900
106
186
715
213
793
133
587
424
486
986
504
628
130
568
779
805
937
849
114
789
663
922
677
506
477
385
1
511
905
155
431
478
411
680
599
366
41
240
748
245
134
964
219
76
381
320
429
844
671
232
191
73
638
583
852
221
43
293
430
646
225
784
369
951
913
769
574
889
846
867
902
870
310
531
930
510
291
549
118
676
33
302
361
163
108
967
417
603
444
482
138
284
318
479
148
382
490
639
707
111
181
7
282
556
855
202
174
324
721
498
819
167
180
305
0
