0
544
634
622
63
712
223
731
551
261
450
104
687
433
748
269
367
230
78
562
158
715
392
577
681
508
26
336
684
136
118
293
295
527
709
353
217
391
94
279
378
259
315
574
695
708
294
456
475
160
290
352
582
657
679
483
48
329
698
60
219
535
597
247
307
685
4
137
613
404
496
179
511
469
596
543
129
656
630
30
252
325
122
406
445
639
210
718
125
423
52
512
183
422
575
286
448
287
350
322
612
303
268
334
111
100
273
420
602
120
411
521
112
690
235
344
169
624
370
707
615
506
576
384
401
369
441
17
414
328
561
677
18
494
686
397
363
513
592
700
324
704
386
697
208
167
38
489
526
47
744
35
228
578
80
349
620
377
364
256
398
723
277
740
263
19
545
619
199
2
550
417
166
96
438
706
565
41
481
207
498
557
135
222
614
146
102
170
1
644
130
45
271
209
270
284
542
435
200
180
380
735
631
299
473
573
288
428
66
159
211
688
302
282
536
308
628
42
76
114
274
360
402
598
379
89
739
153
20
91
727
133
692
24
553
407
663
191
599
3
623
250
10
547
447
678
116
416
14
725
499
340
309
431
156
530
218
164
738
215
497
373
491
636
552
106
408
232
558
703
83
717
244
243
92
446
37
254
396
229
296
426
649
586
90
193
67
143
720
132
646
504
245
463
579
641
436
503
140
351
214
604
323
472
480
362
234
691
265
674
514
590
304
62
177
172
454
131
176
680
661
484
46
40
736
518
675
225
43
567
605
197
64
32
203
283
714
212
50
117
298
699
194
505
507
73
55
119
443
520
220
57
237
34
31
113
327
427
421
184
716
585
9
394
388
742
487
348
452
51
534
289
231
563
157
608
7
134
587
141
442
625
449
198
300
594
626
144
746
87
77
332
15
647
103
693
689
238
432
71
539
455
541
178
16
571
65
27
702
189
21
523
316
495
345
474
537
412
12
540
460
68
201
724
291
365
654
151
314
705
458
301
568
75
248
109
485
733
181
668
701
743
591
584
148
145
581
519
732
239
105
528
451
343
696
667
595
233
36
640
554
502
719
629
477
635
459
439
49
69
564
311
728
383
676
124
493
476
281
361
492
276
110
6
409
202
190
468
82
359
531
559
278
251
747
741
393
258
457
488
149
331
58
683
430
659
434
517
321
310
317
609
108
501
260
54
600
175
121
128
358
61
236
606
387
549
39
85
127
292
651
666
23
471
242
722
319
633
371
224
346
610
147
368
216
726
320
335
374
617
257
154
580
400
548
86
470
466
285
188
333
186
652
653
749
376
632
246
510
419
101
694
59
382
152
249
79
195
662
729
570
13
339
356
603
461
413
70
255
266
187
182
672
326
730
664
11
618
33
482
385
8
81
150
375
165
515
139
638
737
589
297
648
555
161
241
341
226
72
107
305
88
97
185
53
264
173
556
354
525
240
29
516
607
465
425
670
410
204
538
74
399
713
84
395
643
734
424
440
464
650
533
500
524
28
627
721
660
221
5
486
529
669
593
318
658
509
390
330
490
566
665
267
673
522
213
569
206
366
429
645
138
196
155
44
583
275
671
437
99
227
162
174
142
93
115
601
616
745
572
682
253
22
347
355
478
168
588
453
711
357
338
342
611
171
621
444
25
467
95
123
381
546
313
637
272
655
56
126
312
642
479
205
415
532
389
403
163
262
306
462
192
418
405
710
337
98
560
280
372
0
