0
121
33
210
45
52
94
76
168
192
135
175
231
2
208
79
106
194
51
13
32
181
22
131
240
104
229
110
31
20
238
211
230
91
169
221
88
166
23
144
207
48
87
30
200
195
193
107
111
187
37
170
235
122
46
112
80
54
142
183
199
234
182
249
224
115
158
98
153
41
68
55
188
178
93
101
198
204
245
227
172
145
125
186
117
11
236
128
44
150
35
56
72
162
17
226
146
177
85
12
189
9
100
21
109
38
105
39
157
96
143
29
61
209
25
16
248
92
185
232
205
58
116
90
214
228
151
24
123
18
64
216
171
191
206
60
190
217
247
7
163
75
4
164
57
203
84
65
156
102
62
63
137
220
99
184
212
149
89
237
95
243
15
40
81
225
134
147
66
118
53
86
50
114
222
19
103
71
59
36
82
219
160
173
165
14
202
77
174
133
141
1
197
97
49
138
129
233
140
201
215
124
67
244
180
83
155
10
28
239
34
27
127
242
179
159
152
108
8
74
213
3
176
47
139
69
130
218
113
167
42
126
26
136
154
70
148
246
73
43
223
5
132
196
161
119
120
241
78
6
0
