0
318
177
296
192
431
162
208
60
289
188
268
420
322
387
245
459
476
258
319
109
12
350
320
7
139
135
468
131
247
279
335
306
336
9
225
283
17
394
344
486
119
128
51
278
303
266
181
226
1
327
99
54
422
207
358
382
391
66
85
460
22
259
201
137
244
386
246
380
400
445
475
349
497
73
286
338
377
204
404
57
452
430
321
41
133
147
309
81
5
88
134
439
491
78
214
104
58
251
176
440
229
167
411
267
446
82
381
375
254
108
271
20
316
193
392
360
180
300
346
165
253
463
157
196
414
210
402
372
487
399
23
164
235
417
272
19
368
313
199
384
136
496
265
125
34
42
152
161
273
26
447
65
294
347
15
429
353
370
345
243
450
233
438
451
361
343
185
441
302
351
67
238
477
115
166
495
261
264
49
424
197
140
490
110
390
90
457
217
64
221
341
63
112
255
443
101
484
200
56
305
129
59
308
209
418
223
329
275
160
371
123
138
295
241
461
326
397
314
472
310
32
432
426
132
62
102
412
43
409
178
145
421
458
94
436
481
388
356
413
33
240
111
262
339
222
342
206
285
297
435
2
172
106
113
76
307
389
182
205
14
357
16
169
462
174
183
405
453
427
291
179
203
498
120
98
284
163
249
61
18
442
6
45
143
330
362
39
331
228
96
408
195
232
97
287
352
425
315
171
170
187
293
366
52
434
288
494
332
50
395
93
21
301
369
70
141
471
216
311
364
38
55
191
158
299
365
121
189
148
359
83
449
473
150
53
499
173
466
277
282
126
86
323
363
333
304
72
263
423
482
142
276
337
24
28
274
10
489
406
30
230
144
40
464
77
84
153
80
103
151
270
340
224
488
467
374
474
107
227
419
281
448
260
218
146
292
470
156
36
280
250
175
37
184
256
334
248
46
393
379
31
234
378
215
220
478
231
492
3
455
376
130
47
290
89
428
186
396
35
122
27
4
493
269
416
479
213
367
202
87
68
373
317
312
92
252
91
127
149
415
8
407
456
154
69
29
114
325
485
483
354
469
211
117
48
25
100
198
348
398
194
237
118
44
155
242
383
437
444
212
95
124
298
236
74
328
410
159
324
355
13
403
465
385
11
257
105
79
239
480
116
190
71
401
75
219
433
454
168
0
